22000000000,0.000153816238224324,-0.000281811605068501,-0.00428610014012143,-0.000116900854704403
22055000000,0.000724722454300747,-0.00132834069755919,-0.0199100694289341,-0.000524957173399593
22110000000,0.00224479439647135,-0.00411741315732149,-0.0609685296910357,-0.00156013629827838
22165000000,0.00526045779270459,-0.00965904114282676,-0.141094232688868,-0.00348509982534956
22220000000,0.00981429690014508,-0.018050733583653,-0.259145033226035,-0.00609982573344765
22275000000,0.015201398570111,-0.0280334471001715,-0.393511862019422,-0.00864907499916002
22330000000,0.0204320041965642,-0.0378348224062607,-0.516411523044266,-0.0103016755231297
22385000000,0.0248890646681926,-0.046363282584303,-0.61250493622348,-0.0106884891016745
22440000000,0.0284612912500384,-0.0534417622038501,-0.68154505685097,-0.0099226595548672
22495000000,0.0312519848053307,-0.0592704808825996,-0.729032945372139,-0.00827573987683801
22550000000,0.0333218376608938,-0.0639578173205255,-0.758528414259107,-0.00593517575974167
22605000000,0.0347831818693244,-0.0676974734644961,-0.774358825106451,-0.00307954450591873
22660000000,0.0356913126122704,-0.0705745302149963,-0.778572217076308,0.000209829559396206
22715000000,0.0361423017530934,-0.07274974629657,-0.773928540827922,0.00385519346124138
22770000000,0.0362539350575579,-0.0744282304853425,-0.763479136023001,0.00778966416868953
22825000000,0.0361457126820826,-0.0758244383833528,-0.75015817087382,0.0119599038055072
22880000000,0.0359213977164172,-0.0771293410240967,-0.73644585360578,0.0163238359833102
22935000000,0.0356569924845716,-0.0784848005117924,-0.724145793761168,0.0208450122580338
22990000000,0.0353957630533339,-0.0799693833164049,-0.714295031091745,0.0254859157336915
23045000000,0.0351498774699835,-0.0815970212635779,-0.707200575318557,0.0302021094288313
23100000000,0.034907198086533,-0.0833268952624732,-0.702576832032814,0.0349387451286261
23155000000,0.0346413429979525,-0.0850811788008248,-0.699745658934596,0.0396304753308188
23210000000,0.0343229021558166,-0.0867666013602299,-0.697855640404894,0.0442051087038329
23265000000,0.0339296516571015,-0.0882956260930741,-0.696081565859313,0.0485900876595521
23320000000,0.033454236939667,-0.0896038923877728,-0.693775019728187,0.0527207061344445
23375000000,0.0329081800686109,-0.0906623219877096,-0.690550765628702,0.0565487492212313
23430000000,0.0323214584774676,-0.0914826706765029,-0.68630629738614,0.0600499703778324
23485000000,0.0317378888731209,-0.0921158381321667,-0.681184904672967,0.0632284841417493
23540000000,0.031207620632598,-0.0926436333491273,-0.67550134655723,0.0661170626692367
23595000000,0.0307785541084806,-0.0931660917133321,-0.669649794823352,0.0687732202835033
23650000000,0.0304883406078737,-0.0937866832414242,-0.664016373788917,0.07127151228887
23705000000,0.0303585029166556,-0.0945979355590648,-0.658908661581272,0.0736936465876206
23760000000,0.0303916467709065,-0.0956700695142828,-0.654511230356992,0.0761180994909531
23815000000,0.0305716628688926,-0.0970440628684981,-0.650872502538684,0.0786106615759092
23870000000,0.0308668011572809,-0.0987296615977958,-0.647921111371392,0.0812167259080288
23925000000,0.0312344804674199,-0.10070711710323,-0.645500465556013,0.0839564828970684
23980000000,0.0316269574736263,-0.102931378394365,-0.643407244925405,0.0868240380248326
24035000000,0.0319971545148659,-0.105337999419939,-0.641426721644398,0.0897902087155435
24090000000,0.032304112586447,-0.107850567719383,-0.639364843281046,0.0928080790872115
24145000000,0.0325170998967448,-0.11038934915412,-0.637076949741169,0.0958205781252007
24200000000,0.0326175453301153,-0.112880198619271,-0.634485472464047,0.0987692414278912
24255000000,0.0325988504166518,-0.115262672202544,-0.63158534315281,0.101602571301818
24310000000,0.0324644557223199,-0.11749539961068,-0.628435697841092,0.104283052804203
24365000000,0.0322253718057517,-0.119558578916532,-0.625140499071985,0.106791843180949
24420000000,0.0318968554305024,-0.121453338376653,-0.621822796028959,0.10913013580289
24475000000,0.0314950791112559,-0.123197932468757,-0.618598452367348,0.111317281381768
24530000000,0.0310344199239786,-0.124822075330012,-0.615554258137502,0.113386677344422
24585000000,0.0305257267287412,-0.126360374635831,-0.612733601092067,0.115380232342701
24640000000,0.0299757790783862,-0.127845590379889,-0.610131465169714,0.117341837519433
24695000000,0.029387953970179,-0.129302049409061,-0.607698988949581,0.119310632191445
24750000000,0.0287640603216363,-0.130741201227236,-0.605355959903784,0.121315004573759
24805000000,0.0281064040175947,-0.132160621676974,-0.603008029619571,0.123368126576205
24860000000,0.0274197978554576,-0.13354663655613,-0.600566686982613,0.125466107957678
24915000000,0.0267130410673051,-0.134879743575158,-0.597968894961013,0.127589974609334
24970000000,0.0259996954445477,-0.136141853597481,-0.595191432491199,0.129710694127876
25025000000,0.0252972712631593,-0.137323300376938,-0.592256577190438,0.131795738477717
25080000000,0.0246251250136583,-0.138427623526036,-0.589228417658957,0.133815888862834
25135000000,0.0240019577796674,-0.139474333988246,-0.586200580979429,0.135751151238857
25190000000,0.0234428835366549,-0.140499427262172,-0.583278518522806,0.137594183284432
25245000000,0.0229565475761516,-0.141551973405052,-0.580561832037405,0.139351011572031
25300000000,0.0225433543934772,-0.142686533945432,-0.57813020388549,0.141040010746131
25355000000,0.0221952440089905,-0.14395414510582,-0.576033894070679,0.142689045816226
25410000000,0.021896470623264,-0.145393152664305,-0.574290013695659,0.144330817672115
25465000000,0.0216258076080504,-0.147021438333669,-0.572885315459663,0.145997296341144
25520000000,0.0213598056532016,-0.148832930391206,-0.571783603916194,0.14771435266247
25575000000,0.0210760354004813,-0.150798698621206,-0.57093524178614,0.149497176711461
25630000000,0.0207558388636803,-0.15287145965376,-0.570287248981995,0.151347851333885
25685000000,0.0203866263324984,-0.154992721065624,-0.569792327835635,0.153256338958853
25740000000,0.0199635225067387,-0.157102075213963,-0.569415039443316,0.155204929397712
25795000000,0.0194895469958779,-0.159147494192846,-0.569133485356574,0.157174530227859
25850000000,0.0189742954817698,-0.161094021682924,-0.568937299075546,0.159151114098921
25905000000,0.0184315807640117,-0.162930191496479,-0.56882219978705,0.161131259450286
25960000000,0.0178760556360251,-0.164671919094159,-0.568782308380026,0.163124630365879
26015000000,0.0173191481147292,-0.166361715217376,-0.568803798468286,0.165152709749451
26070000000,0.0167658723178495,-0.168062756578896,-0.568863102606873,0.167244592387035
26125000000,0.0162130468515102,-0.169849893406969,-0.568929641215951,0.169431139927362
26180000000,0.0156484533992294,-0.171798973190635,-0.568971896869752,0.171738386073071
26235000000,0.0150512268038492,-0.173975523066942,-0.5689660718626,0.174181626269372
26290000000,0.014393835395335,-0.176424838937752,-0.56890532399613,0.176761905081714
26345000000,0.0136451610776381,-0.179165205641603,-0.568806692051494,0.17946508898593
26400000000,0.0127739662469247,-0.182183891948969,-0.56871384336048,0.182263558435943
26455000000,0.0117530680376301,-0.185435385302876,-0.568695583730912,0.185120942446672
26510000000,0.0105638071578592,-0.188843124887099,-0.56883853984756,0.187999932124516
26565000000,0.00919978140990466,-0.192305028327175,-0.569234030715684,0.190870890996482
26620000000,0.00766911005497263,-0.195701796284858,-0.569961347717396,0.193719241157422
26675000000,0.00599548844284371,-0.198907750344933,-0.571070951392199,0.196550052980319
26730000000,0.00421733885626375,-0.201804466684319,-0.572569556106379,0.199388242064995
26785000000,0.00238426938348579,-0.204295289761396,-0.574410239824528,0.202273438512887
26840000000,0.000551632170525206,-0.206317579599814,-0.57649107720786,0.20525095603506
26895000000,-0.00122578236754484,-0.207851389939963,-0.57866306451824,0.208361551417546
26950000000,-0.00290029291464827,-0.20892358953733,-0.580745266615218,0.211631369046082
27005000000,-0.00443748031598395,-0.209605302834877,-0.582546401672668,0.21506397442336
27060000000,-0.00582038962762646,-0.210002605604093,-0.583890873057177,0.218637259626241
27115000000,-0.00705164257485082,-0.210243589383236,-0.58464437154153,0.222305944433377
27170000000,-0.00815337586292605,-0.210463413104553,-0.58473567163977,0.226008886150343
27225000000,-0.00916463549665587,-0.210788984048632,-0.584171432999613,0.229679859337897
27280000000,-0.0101358727502047,-0.211324861831335,-0.583040737608615,0.233259992806055
27335000000,-0.0111215437197328,-0.212142626430723,-0.581506326378822,0.236709028593244
27390000000,-0.0121721475975432,-0.213274184487887,-0.579784513723981,0.240013215632472
27445000000,-0.0133262249506841,-0.214710739285867,-0.578117890260516,0.243188943761761
27500000000,-0.0146045678100824,-0.216409584464047,-0.576744645123523,0.246281353939891
27555000000,-0.0160083027263627,-0.218307180872875,-0.575868090106083,0.249357480706834
27610000000,-0.0175210790766077,-0.220334839523283,-0.575630649156641,0.252494970961072
27665000000,-0.0191141948868087,-0.222432970184221,-0.576095688816215,0.255768799587646
27720000000,-0.0207539079803154,-0.224561331325183,-0.577239548109692,0.259238030659229
27775000000,-0.0224096434578097,-0.226701609190035,-0.578956001642708,0.262935319756019
27830000000,-0.0240612214476082,-0.22885311672494,-0.581073132096933,0.266861769550272
27885000000,-0.0257040351032288,-0.231023878708656,-0.583379645939122,0.270988219266536
27940000000,-0.0273514200947004,-0.233220117652701,-0.585656049085143,0.275262246763203
27995000000,-0.0290338926332858,-0.235435627992753,-0.58770621899743,0.279619109443747
28050000000,-0.0307939063298695,-0.237642976655151,-0.589384223475236,0.283994601898836
28105000000,-0.0326774243540745,-0.239789463514907,-0.590611834846747,0.288336760665159
28160000000,-0.0347239105843998,-0.24179807501918,-0.591385369967896,0.29261460489173
28215000000,-0.0369560389906621,-0.243574779025711,-0.591771452074913,0.296823271496372
28270000000,-0.0393713926661814,-0.245022122232041,-0.591892899645369,0.300985167616322
28325000000,-0.0419387160285079,-0.246057530165604,-0.591907139883489,0.305147016671899
28380000000,-0.0445997023309305,-0.246630360552554,-0.591980749713859,0.309373031840191
28435000000,-0.0472751781222719,-0.2467348009404,-0.592263811784838,0.313735324052417
28490000000,-0.0498754017340027,-0.246416376274598,-0.592867272399436,0.31830271624307
28545000000,-0.0523127423478184,-0.245769802826685,-0.593847131764927,0.32312984280442
28600000000,-0.0545146499327608,-0.244928171335531,-0.595197732355026,0.328248786170667
28655000000,-0.0564343234645572,-0.244045449768112,-0.596854758766639,0.333664913177452
28710000000,-0.0580579520292813,-0.243276403248032,-0.598705985444037,0.339356328125145
28765000000,-0.0594074748497504,-0.242756243590637,-0.600608646290827,0.345277015068777
28820000000,-0.0605374507925344,-0.242583493000919,-0.602410135157058,0.351363584979712
28875000000,-0.0615269628995631,-0.242809568866363,-0.603968461165685,0.357543730305325
28930000000,-0.0624680867171209,-0.243435974696573,-0.605170110109361,0.363744652693103
28985000000,-0.0634523667865012,-0.244418156862385,-0.605943633659325,0.36990095489087
29040000000,-0.0645575503284509,-0.245675827469714,-0.606266780188737,0.375961652991908
29095000000,-0.0658376761045588,-0.247107614473938,-0.606165617581089,0.381895036514886
29150000000,-0.0673178822169577,-0.248606284031833,-0.605706880886177,0.387690467702104
29205000000,-0.068994217554682,-0.250073024271861,-0.604985375683963,0.393357297017877
29260000000,-0.0708385490430837,-0.251429142811486,-0.604108874658282,0.398921737444989
29315000000,-0.0728074268887234,-0.252623493578447,-0.603182289435274,0.404421943713055
29370000000,-0.0748531098617995,-0.253634834553105,-0.602294132530351,0.409902046223862
29425000000,-0.0769338028299018,-0.254469015860535,-0.601506938212163,0.415406158853225
29480000000,-0.0790216709955603,-0.255152926115464,-0.600852104312201,0.4209722768682
29535000000,-0.0811072230922419,-0.255724977649398,-0.600330295441069,0.426626898659068
29590000000,-0.0831985809942052,-0.256224425481356,-0.599916678148125,0.432381766943009
29645000000,-0.0853165369570774,-0.256682329299241,-0.599569585673331,0.438233261325883
29700000000,-0.087486788159216,-0.257115105710796,-0.599240943512514,0.444164296791769
29755000000,-0.089731069290972,-0.257520756441033,-0.598887347921832,0.450148651691835
29810000000,-0.0920587443612864,-0.257877950730442,-0.598479367476354,0.45615723235733
29865000000,-0.0944608528157918,-0.258148178513388,-0.598006512826964,0.462164724596097
29920000000,-0.0969081194182495,-0.258279863879294,-0.59747718143253,0.468154826675383
29975000000,-0.0993526652940431,-0.258213975626289,-0.596914306860513,0.474123300722948
30030000000,-0.101733081670357,-0.2578913726426,-0.596347422863437,0.480078618523853
30085000000,-0.103982629335782,-0.25726107178526,-0.59580322444346,0.486039949340332
30140000000,-0.106038609964705,-0.256286934863761,-0.595297486949431,0.492033623364865
30195000000,-0.107850978309444,-0.254953074010688,-0.594829520986186,0.498088785496496
30250000000,-0.109388684797681,-0.25326709706129,-0.594380347066863,0.504233139462949
30305000000,-0.110643060146251,-0.251261067296355,-0.593914374229512,0.510489037947921
30360000000,-0.111627909139645,-0.248988894877407,-0.593384902285096,0.516870263556183
30415000000,-0.11237673007922,-0.246522321847259,-0.592742383146968,0.523380617322518
30470000000,-0.112938659184547,-0.243946111992751,-0.591943619843128,0.530014922850634
30525000000,-0.113373680991685,-0.241352843987348,-0.590960133608716,0.536761785251882
30580000000,-0.113747724381425,-0.238838037297908,-0.589784035524128,0.543607407327352
30635000000,-0.114128059210795,-0.236496030293061,-0.588429602896803,0.550539385441651
30690000000,-0.114579415842603,-0.23441554207666,-0.586929715165431,0.557549103092518
30745000000,-0.115159724722205,-0.232673694076975,-0.585327600254598,0.564631848797635
30800000000,-0.115916081900143,-0.231329827952164,-0.583665864524312,0.571784652081882
30855000000,-0.11688062783568,-0.230418547084245,-0.581975794864747,0.579003392593827
30910000000,-0.118067135257233,-0.229944718635327,-0.58026926199406,0.586280239425658
30965000000,-0.119469272974282,-0.229880416738649,-0.578535228143348,0.593602103692201
31020000000,-0.121060362181926,-0.230165660322961,-0.576741044620831,0.600950995751776
31075000000,-0.122796867010547,-0.230713384110853,-0.574837154472897,0.608305572574953
31130000000,-0.124624282774329,-0.231416987670725,-0.572764785674253,0.615643907219926
31185000000,-0.126485334828248,-0.232160812822919,-0.57046553529573,0.622946928191965
31240000000,-0.12832831131572,-0.232831198690551,-0.567891838178671,0.630202325060988
31295000000,-0.130114327256382,-0.233328398178398,-0.565015521103824,0.637407105599227
31350000000,-0.131822534900723,-0.23357754094621,-0.561833402334031,0.644567126269142
31405000000,-0.133452379487764,-0.233537920585455,-0.558368507403859,0.651694647526459
31460000000,-0.135022624230239,-0.233207421884101,-0.55466564039854,0.658804038070968
31515000000,-0.136566261571526,-0.232620181437791,-0.550782563648078,0.66590643759519
31570000000,-0.138123038441623,-0.231838948821382,-0.546780077784256,0.673005449847388
31625000000,-0.139729253073826,-0.230942926365427,-0.542713594561711,0.680094449299163
31680000000,-0.141408059817538,-0.230014471896665,-0.53862774089077,0.687157740685286
31735000000,-0.143160703435209,-0.229124494904098,-0.534552173497733,0.694171429978973
31790000000,-0.144960792231088,-0.228319863430801,-0.530495170237228,0.701097274983825
31845000000,-0.146753422230725,-0.22761421703483,-0.526436758809635,0.707871135765081
31900000000,-0.148460281118083,-0.226984791409169,-0.522326268042481,0.714397104130127
31955000000,-0.149991253388169,-0.226376179689805,-0.518088270746583,0.72055584413923
32010000000,-0.151260709241476,-0.225710775948106,-0.513636926959445,0.726228457386222
32065000000,-0.152205708119824,-0.22490367163351,-0.508897254500064,0.731332983364151
32120000000,-0.152802385682729,-0.223879904946747,-0.503831308251937,0.735871002272463
32175000000,-0.153078923244717,-0.222593229997451,-0.498464922291151,0.739977947924256
32230000000,-0.153121633146458,-0.22104191606865,-0.492907104841732,0.743961184502655
32285000000,-0.153072177651444,-0.219278475266493,-0.48735542975686,0.748310541842733
32340000000,-0.153113821895799,-0.217408912999578,-0.482081694145601,0.753665767441681
32395000000,-0.153445931207552,-0.215578800403841,-0.477393808867235,0.760731417174928
32450000000,-0.154248708908687,-0.21394638961034,-0.47357395789309,0.770138908693977
32505000000,-0.155641731235163,-0.212644567048506,-0.470798996875692,0.782268803028557
32560000000,-0.15764220872619,-0.211737961738343,-0.469054137611057,0.797058625483701
32615000000,-0.160131091304666,-0.211182671082755,-0.468056247776232,0.813831933215925
32670000000,-0.162834379213441,-0.210796872500042,-0.467204787362411,0.831188790143717
32725000000,-0.165326388214279,-0.210249763415662,-0.465577754741341,0.846994796032489
32780000000,-0.167057886609687,-0.209073550586501,-0.461984174399312,0.858493822719323
32835000000,-0.167408599004883,-0.206701054859343,-0.455075212457744,0.862549814400364
32890000000,-0.165759164497128,-0.20252677306095,-0.443504838101775,0.855999213151918
32945000000,-0.161573248670623,-0.1959853346968,-0.42612028230327,0.836072044394429
33000000000,-0.154478739314589,-0.186637761923625,-0.402153494101139,0.800820717644984
