2000000000,-0.000380927356731287,-0.00669123195087316,0.947232485779687,-0.241104148963366
2005000000,-0.000399926636890448,-0.00668475680236159,0.946912031553877,-0.241611341782131
2010000000,-0.000415046387021069,-0.00667234769547115,0.946554888751837,-0.242065690123849
2015000000,-0.000426192975716388,-0.00665600994439462,0.946176349593445,-0.242472310094649
2020000000,-0.000433692914432518,-0.00663773541581753,0.945790239376768,-0.242837550681267
2025000000,-0.000438196571722768,-0.00661922553802337,0.945408068006942,-0.243168658208784
2030000000,-0.000440523490332719,-0.00660171823473784,0.945038169708501,-0.243473186866842
2035000000,-0.000441513672500479,-0.00658591291765734,0.944685178430776,-0.24375828378592
2040000000,-0.000441879176257295,-0.00657198526058668,0.944350095737765,-0.244030032550319
2045000000,-0.000442094740539419,-0.00655970404991322,0.944030752769042,-0.244292942041662
2050000000,-0.000442344973912027,-0.00654862397894709,0.943722584057631,-0.244549642397138
2055000000,-0.00044253879425754,-0.0065382903770735,0.943419765558983,-0.244800762581477
2060000000,-0.000442362802816672,-0.0065284048772214,0.943116536286608,-0.245045261148743
2065000000,-0.000441368838507788,-0.00651897125049369,0.942808169370091,-0.245280817339617
2070000000,-0.000439092672256791,-0.00651036349049358,0.942492014319842,-0.245504431687656
2075000000,-0.000435172428794401,-0.00650331672950112,0.942168045718307,-0.245713221341831
2080000000,-0.000429446149758516,-0.00649883723179129,0.941838755938739,-0.245905049718017
2085000000,-0.000422008797920121,-0.00649806530374209,0.941508678258239,-0.24607896059529
2090000000,-0.000413224770828099,-0.00650212431425481,0.941183585151882,-0.246235361636512
2095000000,-0.000403709872191795,-0.0065119800362011,0.940869690392473,-0.246375985339391
2100000000,-0.000394274347079054,-0.00652831536033326,0.940572739490999,-0.246503665331647
2105000000,-0.000385846148079927,-0.00655147421537161,0.940297322889322,-0.24662192985328
2110000000,-0.000379396018672061,-0.00658142036100761,0.940046416198897,-0.246734504573338
2115000000,-0.000375859878868304,-0.00661775534345696,0.939821325292069,-0.246844857806164
2120000000,-0.000376091323407597,-0.00665973842259122,0.939621978590933,-0.246955864151554
2125000000,-0.000380802383457011,-0.0067062793771906,0.939447403475745,-0.247069679296296
2130000000,-0.00039051199031302,-0.00675596655992572,0.939296280054769,-0.247187761888334
2135000000,-0.000405506365970866,-0.00680708152451547,0.939167418830815,-0.247311035278957
2140000000,-0.000425792314555798,-0.00685763540941923,0.939060041297579,-0.247440130814106
2145000000,-0.000451068861952552,-0.00690543488320714,0.938973877320491,-0.247575606374834
2150000000,-0.000480691524323652,-0.00694817487537254,0.938909045528449,-0.247718144160475
2155000000,-0.000513657859430901,-0.00698359332221342,0.938865774433214,-0.24786862387933
2160000000,-0.000548620739274896,-0.00700966817900954,0.938844045836431,-0.248028096363575
2165000000,-0.000583935924448508,-0.00702484970323329,0.938843354249052,-0.248197644011457
2170000000,-0.000617756703585968,-0.00702830475771965,0.938862531589439,-0.248378236205542
2175000000,-0.000648172658069128,-0.00702011728527984,0.938899780666913,-0.248570546493582
2180000000,-0.000673380849326911,-0.00700141959107539,0.938952897633329,-0.248774862512719
2185000000,-0.0006918754595784,-0.00697440116718726,0.939019627549687,-0.248991086316493
2190000000,-0.000702624857058804,-0.00694219379558695,0.939097972352383,-0.249218859337907
2195000000,-0.000705220313402342,-0.00690862342152986,0.939186424203984,-0.249457712061575
2200000000,-0.000699966783649062,-0.00687784366984792,0.939284091792362,-0.249707270604252
2205000000,-0.000687892986642203,-0.00685389081555453,0.939390531946407,-0.249967386104803
2210000000,-0.000670673475718572,-0.00684022223209944,0.939505524602883,-0.25023819826459
2215000000,-0.000650468783292432,-0.00683930461078934,0.939628703328184,-0.250520118389906
2220000000,-0.000629696644199289,-0.00685231005367959,0.93975923161668,-0.250813717371055
2225000000,-0.000610768835546773,-0.0068789733703304,0.93989543509941,-0.251119522043655
2230000000,-0.000595826851274861,-0.00691761680827098,0.940034655877274,-0.251437741618398
2235000000,-0.000586506665398393,-0.00696535380487039,0.940173373444164,-0.251768041887886
2240000000,-0.000583769578495913,-0.00701844514687466,0.940307539752251,-0.252109424571333
2245000000,-0.000587820941119726,-0.00707275298182111,0.940433063795759,-0.252460232904902
2250000000,-0.000598125902510763,-0.00712422986199733,0.940546274388542,-0.252818265670975
2255000000,-0.000613521940609169,-0.00716937641307385,0.940644419739635,-0.253180965327093
2260000000,-0.000632406754179353,-0.00720559376560085,0.940726037404644,-0.253545734922937
2265000000,-0.000652964124532056,-0.00723138537555617,0.940791135233933,-0.253910248284675
2270000000,-0.000673399527801517,-0.00724641544952531,0.940841091415415,-0.254272757658672
2275000000,-0.000692156854764857,-0.00725140077765771,0.940878252927284,-0.25463223115749
2280000000,-0.000708076160916717,-0.00724786902349929,0.940905484711457,-0.254988353725404
2285000000,-0.000720473739868302,-0.00723783404789494,0.940925715783297,-0.255341461118627
2290000000,-0.000729143030195696,-0.00722346338348457,0.940941500908308,-0.255692355816918
2295000000,-0.000734292801964213,-0.00720677270534202,0.940954717541865,-0.256042114111328
2300000000,-0.000736424199990065,-0.00718938539339385,0.9409663927578,-0.256391860085852
2305000000,-0.000746660319745883,-0.00718031924314951,0.944325181312676,-0.257769088319368
2310000000,-0.000752226052190662,-0.00716125746580449,0.946732781743689,-0.258909658379182
2315000000,-0.000752514673692064,-0.00713392544467351,0.948277463148242,-0.259835135109718
2320000000,-0.000746911184286052,-0.00710047186696738,0.949091277313574,-0.260578828367307
2325000000,-0.000734867885512713,-0.00706346431241851,0.949335123947272,-0.261182256437236
2330000000,-0.000716016091029429,-0.00702585002577384,0.949181265521705,-0.26169090480595
2335000000,-0.000690290168796933,-0.00699083018341895,0.948795691485399,-0.262149752884291
2340000000,-0.000658018076119737,-0.00696168828072441,0.948322760051544,-0.262599271334063
2345000000,-0.000619975870840101,-0.0069415683425093,0.947874089836345,-0.263072210527342
2350000000,-0.000577386165678299,-0.00693323316414752,0.947522935557504,-0.263591705223922
2355000000,-0.000531853571113967,-0.00693884408168422,0.947304008408649,-0.264170702356657
2360000000,-0.000485248711671581,-0.0069597850107772,0.947218136270697,-0.264812632021701
2365000000,-0.000439552461715946,-0.00699655686487295,0.947240369881139,-0.265513038212078
2370000000,-0.000396682630357924,-0.00704875876145255,0.947329845093326,-0.266261766792959
2375000000,-0.000358331346602253,-0.00711517290931799,0.947439687996054,-0.267045313893836
2380000000,-0.00032584258361399,-0.00719393005831453,0.947525546956509,-0.267849044529577
2385000000,-0.00030014310234459,-0.00728273387668211,0.947551684440305,-0.26865901139652
2390000000,-0.000281742121277457,-0.00737909382469812,0.947494173452242,-0.269463133632843
2395000000,-0.000270778323997919,-0.00748052994576319,0.947341550464443,-0.270251784203809
2400000000,-0.000267109848641743,-0.00758474863843764,0.94709345553849,-0.271017906121784
2405000000,-0.000270431137227299,-0.00768972990368852,0.946757944812659,-0.271756780108333
2410000000,-0.000280372797382908,-0.00779373111204501,0.946348488029937,-0.272465653164595
2415000000,-0.000296586290715951,-0.00789522997004556,0.94588105606171,-0.273143384219372
2420000000,-0.000318770862757991,-0.00799281028349185,0.945371841388107,-0.273790117979748
2425000000,-0.000346658102848643,-0.00808506821954245,0.944835761790838,-0.274407056738346
2430000000,-0.000379964693902522,-0.00817052617126389,0.944285771591886,-0.274996397525891
2435000000,-0.000418320300100822,-0.00824760173206883,0.943732575572091,-0.275561266828157
2440000000,-0.000461160649612956,-0.00831462334266349,0.943184589411796,-0.27610562845071
2445000000,-0.000507649724616384,-0.00836995994967401,0.942647184734834,-0.27663391575282
2450000000,-0.00055663843001416,-0.00841223385492504,0.942125045753466,-0.277151345453767
2455000000,-0.000606689794700888,-0.00844051384621032,0.941620225109579,-0.277663081106632
2460000000,-0.000656132567543032,-0.00845450788760556,0.941132020479194,-0.278173832342514
2465000000,-0.000703172251278533,-0.00845472235884415,0.940657020000692,-0.27868742895385
2470000000,-0.000746038956318896,-0.00844254955185634,0.940189531546677,-0.279206476645837
2475000000,-0.00078315491178516,-0.00842025702118422,0.939722217755067,-0.27973216694752
2480000000,-0.000813300070924248,-0.0083908670139071,0.93924684575616,-0.280264252437993
2485000000,-0.000835735712088542,-0.00835792268801628,0.938755012182901,-0.280801047395197
2490000000,-0.000850281845046439,-0.00832520606760269,0.938239046759208,-0.281339620653543
2495000000,-0.000857348563197728,-0.00829644119076408,0.937692706204009,-0.281876104046119
2500000000,-0.000857906618042024,-0.00827497749300082,0.937111780454387,-0.282406092170408
2505000000,-0.000853400396130272,-0.00826352021087836,0.936494343519363,-0.28292506946262
2510000000,-0.000845606274452115,-0.00826392912044651,0.935840741303945,-0.283428767066681
2515000000,-0.000836467709738796,-0.00827710885326977,0.935153385129558,-0.283913457883279
2520000000,-0.00082791281044884,-0.00830299614028047,0.934436380949039,-0.284376187111392
2525000000,-0.000821690615358565,-0.00834062282263323,0.933695047983518,-0.284814923916328
2530000000,-0.000819222977915899,-0.00838825510748658,0.932935268563184,-0.285228589723766
2535000000,-0.000821493195415616,-0.00844359193261672,0.932162903231152,-0.285616918931259
2540000000,-0.000828993314034685,-0.00850400056464285,0.931383382292139,-0.285980265559634
2545000000,-0.000841725279808729,-0.00856673603614442,0.930601496087688,-0.286319369874117
2550000000,-0.000859245490260933,-0.00862914740437351,0.929821416391909,-0.286635205076083
2555000000,-0.000880752643574139,-0.00868885460569246,0.929046752073657,-0.286928823068454
2560000000,-0.000905207547753123,-0.00874388597321533,0.928280760732012,-0.287201207053207
2565000000,-0.00093147008288845,-0.00879273996287806,0.92752673576305,-0.287453186158527
2570000000,-0.00095841882856879,-0.00883439701435693,0.926788586238606,-0.287685538986773
2575000000,-0.000985049392085604,-0.00886830641403604,0.926072830007463,-0.287899866773837
2580000000,-0.00101050738879578,-0.00889426876547301,0.925385856927727,-0.288097739779502
2585000000,-0.00103408933179202,-0.00891237816266043,0.924734141012661,-0.288281014402205
2590000000,-0.00105519862076583,-0.00892294949335917,0.924123387487132,-0.288451813224238
2595000000,-0.00107327112830982,-0.0089264938660053,0.923557592578819,-0.288612463086479
2600000000,-0.0010877062042822,-0.00892375415071308,0.923038598905471,-0.288765522505458
2605000000,-0.00109781587169822,-0.00891577953655812,0.922566232896466,-0.288913956896565
2610000000,-0.00110281933088724,-0.00890404616212145,0.922139247588708,-0.289061498492848
2615000000,-0.00110190171419147,-0.00889056819853074,0.921757070658147,-0.28921313742204
2620000000,-0.00109432754784946,-0.00887798315910172,0.921421972981958,-0.289375695504465
2625000000,-0.00107959939206484,-0.00886956090598712,0.921141248222208,-0.289558200691455
2630000000,-0.00105763964566846,-0.00886908952067949,0.920928735233893,-0.289772034498448
2635000000,-0.00102894337870613,-0.00888062890471858,0.920804788707107,-0.290030525368294
2640000000,-0.000994679832222437,-0.0089081492396194,0.920794111217471,-0.290347860307564
2645000000,-0.000956705072439205,-0.00895506806267131,0.92092117592751,-0.29073723080246
2650000000,-0.000917464074083712,-0.0090237405681044,0.921203511302681,-0.291208272705452
2655000000,-0.000879780721411556,-0.00911499289816054,0.921643570944889,-0.29176414562433
2660000000,-0.000846567923634588,-0.00922778814534559,0.922220456096779,-0.292398545975925
2665000000,-0.000820494663943502,-0.00935907309529462,0.922883202464384,-0.293093397146451
2670000000,-0.000803663956251289,-0.00950385669535519,0.92354689227791,-0.293817599307734
2675000000,-0.000797338376104167,-0.00965550336857502,0.924093147822771,-0.294527273764671
2680000000,-0.000801758802047881,-0.00980627207675999,0.924375723558541,-0.295167855994966
2685000000,-0.000816105353277637,-0.00994801381191249,0.924230937638351,-0.295677937575965
2690000000,-0.000838594956613718,-0.0100729257802518,0.923492061218365,-0.295994546596853
2695000000,-0.000866697198838497,-0.0101742730550038,0.922005758579987,-0.296059218976146
2700000000,-0.000897433500849856,-0.0102469859891632,0.919648442733932,-0.29582403259658
2705000000,-0.000927714097668181,-0.0102880670776513,0.916340059400694,-0.29525672673881
2710000000,-0.000936712236836528,-0.0102988318584927,0.916311631544612,-0.295587850014784
2715000000,-0.000943922540411751,-0.010304777688613,0.916268815956582,-0.295924240075096
2720000000,-0.000948611611524937,-0.01030614900227,0.916210633166496,-0.296264025111474
2725000000,-0.000950095061386292,-0.010303480290535,0.916136732643794,-0.296605696436101
2730000000,-0.000947784335197705,-0.0102976029270404,0.916047045194854,-0.296948139168489
2735000000,-0.000941229612940267,-0.010289661123951,0.915941445998575,-0.297290556644769
2740000000,-0.000930172619767661,-0.0102811110153484,0.915819527857801,-0.297632318717979
2745000000,-0.000914590187507846,-0.0102736942514091,0.915680492862452,-0.297972808566185
2750000000,-0.000894747680410155,-0.0102693848827003,0.915523208869892,-0.298311266237209
2755000000,-0.000871239677331308,-0.0102702769858349,0.915346407351781,-0.298646715943218
2760000000,-0.000845010290838215,-0.0102784219109576,0.915148973074924,-0.298977969369946
2765000000,-0.000817344340193931,-0.0102956151700237,0.914930169786635,-0.299303728089884
2770000000,-0.00078981401474369,-0.0103231477900711,0.914689834698235,-0.299622703957496
2775000000,-0.000764177615076308,-0.010361569043978,0.91442840678077,-0.299933788772478
2780000000,-0.00074223493504069,-0.0104104874287621,0.914146781993513,-0.30023615929097
2785000000,-0.000725647212841837,-0.0104684668033278,0.913846023171142,-0.30052930917378
2790000000,-0.000715747511872748,-0.0105330336776285,0.913527077588203,-0.300812964190855
2795000000,-0.000713357045959058,-0.0106008210003118,0.913190532214941,-0.301086961104677
2800000000,-0.000718639122274749,-0.0106678524136482,0.91283644656319,-0.301351054122255
2805000000,-0.000731020380637934,-0.0107299448839225,0.912464465555313,-0.301604775301879
2810000000,-0.000749197325165268,-0.0107831797281729,0.912074007804286,-0.301847346502876
2815000000,-0.000771234133015667,-0.0108243784270608,0.911664631013423,-0.302077666659312
2820000000,-0.000794750296061132,-0.010851517682274,0.911236393752409,-0.302294401239002
2825000000,-0.000817171895648382,-0.010864013092485,0.910790308298754,-0.30249618450197
2830000000,-0.000836016668205479,-0.010862842937753,0.910328597464499,-0.302681925423398
2835000000,-0.000849181026776892,-0.0108504745068311,0.909854673655243,-0.302851096220949
2840000000,-0.000855184034807497,-0.0108305955365677,0.909372860095433,-0.303003931968484
2845000000,-0.000853334207963105,-0.0108076889754865,0.908887894873702,-0.303141501523246
2850000000,-0.000843795389433758,-0.0107865074279511,0.90840439669647,-0.303265651680942
2855000000,-0.000827536603411535,-0.0107715186545784,0.907926218789098,-0.303378848616284
2860000000,-0.000806176103894026,-0.0107664152698423,0.907455888683127,-0.303483833880944
2865000000,-0.000781753223210609,-0.0107737603786978,0.906994227280499,-0.303583243984144
2870000000,-0.000756456132704401,-0.0107947827530732,0.906540297250128,-0.303679185674533
2875000000,-0.000732339435077876,-0.0108293764108444,0.906091758086986,-0.303772987716996
2880000000,-0.000711087000568431,-0.0108762900474981,0.905645341830464,-0.303865111701484
2885000000,-0.000693854787500768,-0.010933462823328,0.905197399231817,-0.303955149713019
2890000000,-0.000681209062067033,-0.0109984190543624,0.904744496083591,-0.304041994462369
2895000000,-0.000673151052206274,-0.0110686769369214,0.904283888958981,-0.304124048140547
2900000000,-0.000669238589084544,-0.0111421137476049,0.903813866063981,-0.304199510079886
2905000000,-0.000668767217566642,-0.0112171953799657,0.903333957446874,-0.304266660080766
2910000000,-0.000670979600056307,-0.0112930647804115,0.902844978662664,-0.304324120055642
2915000000,-0.000675252748404162,-0.0113694588205206,0.9023488398038,-0.304371055059977
2920000000,-0.000681232265972698,-0.0114465157159827,0.901848243904279,-0.304407226784796
2925000000,-0.000688912375329074,-0.0115245063825179,0.901346462159696,-0.30443305711218
2930000000,-0.000698617754787555,-0.0116035308475795,0.900846972912134,-0.304449544182927
2935000000,-0.000710912567598597,-0.0116832799573535,0.900353220644875,-0.304458208821579
2940000000,-0.000726455860335801,-0.0117628856690018,0.899868390366968,-0.304460940953853
2945000000,-0.000745837224900994,-0.0118409261230454,0.899395267598071,-0.304459923019545
2950000000,-0.000769427284954619,-0.0119155367709955,0.898936029211397,-0.304457509706816
2955000000,-0.000797255769127842,-0.011984623863089,0.89849204488826,-0.304456125741875
2960000000,-0.000828948138268321,-0.0120461471692567,0.898063535245991,-0.304458053539527
2965000000,-0.000863726654001047,-0.0120984084028454,0.897649455875743,-0.304465163179087
2970000000,-0.000900483911785801,-0.0121402966527643,0.897247532914639,-0.304478744799714
2975000000,-0.000937897066867176,-0.0121714262032886,0.896854269506772,-0.304499353566631
2980000000,-0.000974568442050222,-0.0121921704847807,0.896465119981458,-0.304526617287485
2985000000,-0.00100916625333143,-0.0122035352625626,0.896074945396662,-0.304559147010454
2990000000,-0.0010405118290258,-0.0122069814569456,0.89567859325279,-0.304594624051606
2995000000,-0.00106764935731871,-0.0122042093346495,0.895271584990353,-0.304629953146888
3000000000,-0.00108986238573148,-0.0121969117772534,0.894850837968974,-0.304661639164751
