22000000000,-0.0664199029761145,-0.0404462728308831,0.648321221163552,-0.439833200833722
22055000000,0.0412817215909937,-0.0148577978238627,0.661784998069413,-0.46344089629653
22110000000,0.108154974470056,-0.0852498145723948,0.643254153172468,-0.483793635522797
22165000000,0.228931649230757,-0.174640292696664,0.588555917459817,-0.443258309649984
22220000000,0.305485609744215,-0.0134351546090723,0.622803930762743,-0.464598897318148
22275000000,-0.334280070180059,-0.0710844489650704,0.635343190215076,-0.464183364773887
22330000000,-0.147176299609801,-0.082222958558837,0.662782247291655,-0.524231104116756
22385000000,-0.0403139938725497,-0.0435315258580446,0.63853422218307,-0.546204110493987
22440000000,0.0125299415517018,-0.0160818615330123,0.60776868263909,-0.539581800416572
22495000000,0.056785172047708,-0.0727076157495713,0.615616273124289,-0.572213928323426
22550000000,0.196989439110671,-0.135243815243984,0.57869830391033,-0.565064320957225
22605000000,0.236060570523231,-0.0747005000377717,0.627334142332559,-0.59321116487393
22660000000,-0.255038037646548,-0.0490301655202117,0.603378137730339,-0.619791294869759
22715000000,-0.0852826216875663,-0.0478240165921211,0.583907483310118,-0.596638204957678
22770000000,-0.0132172165970095,-0.0219739184680009,0.595772184532678,-0.659039598364974
22825000000,0.00964466773114538,-0.0127562901950122,0.558574596834134,-0.63453877223135
22880000000,0.0245836471391769,-0.0360842748622485,0.554441535971712,-0.638900569300076
22935000000,0.132139261289751,-0.0896706444009055,0.533901169315424,-0.637781842379169
22990000000,0.108002311719243,-0.0434972780658522,0.531344822737016,-0.62217212917732
23045000000,-0.0965273008978612,-0.0354015269138832,0.52203770786539,-0.65918352425684
23100000000,-0.0335787325404701,-0.0304364850539233,0.533477488289001,-0.671912618596659
23155000000,-0.000682676388338002,-0.00517693967895903,0.527279331171006,-0.695292353252455
23210000000,-0.000588286486557558,-0.00148920051180716,0.504913540251934,-0.703409201624737
23265000000,0.0259743702228423,-0.0318793892951114,0.480620128999811,-0.699256165656647
23320000000,0.053605451312008,-0.042260629215358,0.473832153962638,-0.699630674266667
23375000000,-0.053075395386188,-0.00639743883678291,0.470675197007441,-0.70183799489139
23430000000,-0.0504550560209108,-0.0398961579732378,0.464592965580975,-0.724166293993598
23485000000,-0.000935154654337953,-0.0103774720665748,0.442422467671944,-0.731545120947796
23540000000,0.0133795250588706,-0.0148490722757363,0.442986597760182,-0.73918878312129
23595000000,-0.00170684048660846,-0.00300499902939133,0.412487369346318,-0.743661059015423
23650000000,0.00611909880328433,-0.0152341837548223,0.400932248591047,-0.747894072818536
23705000000,0.0325859120414512,-0.00832056278702448,0.391602936368911,-0.750521877773611
23760000000,-0.0563327755790058,-0.0168521302087992,0.375926853790792,-0.740562034908323
23815000000,-0.0123245780284399,-0.050705268594006,0.369447153929604,-0.74956703206086
23870000000,0.0121905987237934,-0.0661415449019084,0.343809009008678,-0.758692748715334
23925000000,0.0260859467008632,-0.0205975511555396,0.32762653236742,-0.764560328991621
23980000000,0.0233851124297413,-0.00443191225666464,0.321773654868109,-0.746516255216429
24035000000,-0.000426977189756645,-0.00283602484838609,0.293905215021681,-0.753514287413867
24090000000,-0.0127134497600251,-0.000638014885385381,0.278600921535809,-0.749297413167637
24145000000,-0.0249467416099374,-0.0241214414506179,0.304306676976483,-0.762872179516501
24200000000,0.00109439395310768,-0.100780327428035,0.293491530701315,-0.791592916352764
24255000000,0.0160002384247049,-0.101056631539375,0.251866783677469,-0.78164264030201
24310000000,0.0595321753186422,-0.0712768530954389,0.233785905727848,-0.765941792281527
24365000000,0.0332537221822261,-0.0216756620144487,0.225349927813311,-0.767418176061867
24420000000,0.0061102007357352,-0.0106305754852415,0.219092246584297,-0.747394676607553
24475000000,-0.0120356412990894,-0.0161857302107721,0.212709001576283,-0.743541393017297
24530000000,-0.0125808461898564,-0.0458916250862266,0.193739661367097,-0.763174989500094
24585000000,0.0151341747909963,-0.174947198989133,0.205381137030953,-0.767773752418986
24640000000,0.031750000790194,-0.149587156743415,0.174134207685067,-0.78166248549344
24695000000,0.0566848694274243,-0.106270134717348,0.144473964590141,-0.75369570937543
24750000000,0.0468493005612286,-0.0593440088002178,0.135120970268795,-0.746291455022865
24805000000,0.0127442791352046,-0.0273488608133166,0.145900787559935,-0.741253787527242
24860000000,-0.0208145162644485,-0.0471509983085934,0.117765424762845,-0.728385973212875
24915000000,-0.0187296617352436,-0.113551893706877,0.120406660708552,-0.74193852366958
24970000000,0.00281576100311838,-0.182058870400908,0.124173432361065,-0.768934207767171
25025000000,0.0835472377076458,-0.294560404416991,0.11650491643645,-0.740613809233647
25080000000,0.0652837903876279,-0.178527346313918,0.0820026106330347,-0.734929003645806
25135000000,0.0448731898562226,-0.0648901124216398,0.0712528164570211,-0.724326887035011
25190000000,0.0280391042981904,-0.0858061847615015,0.0677820251466954,-0.708664948985646
25245000000,-0.0292973217592047,-0.0921146167120043,0.0689879946511691,-0.713760926813953
25300000000,-0.0388891494102157,-0.146509634364979,0.0504087763222824,-0.680334864028612
25355000000,0.0171701413511202,-0.233444450646701,0.0478602411618255,-0.701738829697851
25410000000,0.0287477443061244,-0.347454500407101,0.0304460168823135,-0.736467679610944
25465000000,0.0656505250421659,-0.198910186241515,0.0128542938721474,-0.665550101973614
25520000000,0.0582083573319108,-0.125136974861621,0.0185632569649144,-0.659475269128415
25575000000,0.00949025319589699,-0.097299376496262,0.00933397422539215,-0.681642101831571
25630000000,-0.0309581685969413,-0.126033473064357,-0.0132350492528315,-0.605699654236158
25685000000,-0.0573252493698626,-0.19019285324663,-0.00665731165259403,-0.618067358896896
25740000000,-0.0256554033824931,-0.280827530065874,-0.00576297334564899,-0.641774298746962
25795000000,0.0838286364301911,-0.346990135828326,-0.0344915018478168,-0.616674275322456
25850000000,0.0446441827171692,-0.272806995766781,-0.0246238282617169,-0.633902725971821
25905000000,0.0321932802776618,-0.154851344968354,-0.0486918225585506,-0.637246892197187
25960000000,0.00676674159376225,-0.107176494045412,-0.0559733759596479,-0.623222555161762
26015000000,-0.0391043770685279,-0.216997325192574,-0.0424877105703183,-0.607745549172464
26070000000,-0.0870621520040994,-0.291820092369923,-0.0340838881682761,-0.574276790524734
26125000000,-0.03048342647174,-0.254981385081047,-0.0581115146004035,-0.610256333913682
26180000000,0.072963262702891,-0.40449070821996,-0.066275574910011,-0.556545900018243
26235000000,0.0118607538556015,-0.336979346765155,-0.0754718309048215,-0.572479072805748
26290000000,0.0162327013810968,-0.137324223151787,-0.0854568915837868,-0.568300418523354
26345000000,0.00598652673593629,-0.228452281165474,-0.0761000441026127,-0.549652831090999
26400000000,-0.0777893836492981,-0.26121676911171,-0.0913054754069002,-0.593450873342385
26455000000,-0.0840263979250387,-0.297485967340016,-0.0794831292037341,-0.547207087160676
26510000000,-0.0397072525691884,-0.363948919438,-0.0724140050158328,-0.555525037218947
26565000000,0.0440918634725386,-0.352954550349439,-0.112572516864259,-0.530859420564664
26620000000,-0.00268753767547467,-0.33492608162273,-0.0913740692215396,-0.516447763039439
26675000000,0.00153794858907052,-0.269675496925834,-0.100826112083199,-0.528230521318578
26730000000,-0.0360074680616466,-0.209023608834537,-0.108868685550409,-0.534110214508115
26785000000,-0.0790015913137761,-0.34716989471441,-0.112283303317673,-0.539043299583862
26840000000,-0.119780852410544,-0.392583914661677,-0.0983722166845518,-0.504255522979133
26895000000,-0.0533934251671972,-0.401682072056641,-0.111484762803534,-0.509814661353124
26950000000,0.00789306219652052,-0.413347699268922,-0.114266451528939,-0.488120972441597
27005000000,0.0188924939207073,-0.464198389985911,-0.12315371818511,-0.511862530254977
27060000000,-0.0627966956528352,-0.287442576392771,-0.135524084809095,-0.481754525678821
27115000000,-0.0360289365636709,-0.224647732331192,-0.122876579977136,-0.469752121315081
27170000000,-0.120721539574918,-0.353053065621075,-0.12998862340856,-0.491911756095568
27225000000,-0.171295791439829,-0.505080241307455,-0.147258481079512,-0.513311681552435
27280000000,-0.136989371654042,-0.444820288868182,-0.133424517634615,-0.459375859282275
27335000000,-0.0267316044096933,-0.399944941710864,-0.147959435246465,-0.488487385409094
27390000000,-0.0422124697002247,-0.448708324783716,-0.155539211512699,-0.465726228037687
27445000000,-0.0477837613117912,-0.3153383113941,-0.13543714580627,-0.440461981756864
27500000000,-0.105564315323671,-0.262042536540208,-0.150561339484517,-0.479778985495494
27555000000,-0.132187975058892,-0.3945623331903,-0.141124806725012,-0.431796082345059
27610000000,-0.212353476063851,-0.479024574790097,-0.154921299977871,-0.437968668029442
27665000000,-0.147200291680811,-0.41557123802201,-0.158805341811054,-0.442243959789515
27720000000,-0.0892661510598616,-0.590617350637757,-0.157870771411078,-0.448623945336615
27775000000,-0.0231710279977681,-0.37131807122742,-0.168164828557017,-0.445241214084022
27830000000,-0.12009490148979,-0.431355714074016,-0.163581169874501,-0.426316065392688
27885000000,-0.106081605323225,-0.241728626481785,-0.150775803937555,-0.41158102301201
27940000000,-0.170920418580792,-0.399673122766016,-0.157981435617131,-0.424380790311041
27995000000,-0.24601755402617,-0.612011624426302,-0.163807228912174,-0.439112234963146
28050000000,-0.223168539447095,-0.648208691492502,-0.166667829454619,-0.433154507186146
28105000000,-0.103167683124097,-0.377113707532084,-0.173992311923131,-0.420073117271338
28160000000,-0.0437984123846468,-0.500198548939075,-0.162827575750387,-0.393681188422172
28215000000,-0.110936945388828,-0.333501490326464,-0.175199780790252,-0.396045388514549
28270000000,-0.1678929420663,-0.281131898103408,-0.178530708449261,-0.399117555185117
28325000000,-0.148864241987973,-0.416398659191496,-0.154249470326698,-0.369964887298745
28380000000,-0.318560752318814,-0.600801374897559,-0.19344657074504,-0.436042625686303
28435000000,-0.262592329672646,-0.553042823788097,-0.190944619609386,-0.414522294486488
28490000000,-0.132565031327228,-0.57700935434834,-0.170052601397265,-0.383210974010032
28545000000,-0.103349403654921,-0.334779489529858,-0.203205613770582,-0.3975246359438
28600000000,-0.137067287069538,-0.359948805679181,-0.175503618117806,-0.343049429885427
28655000000,-0.155272266321082,-0.295326848245796,-0.172629475001571,-0.349957562879686
28710000000,-0.24965327121836,-0.379688937252282,-0.181984553508534,-0.37779468406412
28765000000,-0.230521932620765,-0.531222696978985,-0.161716876935606,-0.350459573704774
28820000000,-0.243614015530087,-0.550025221079517,-0.179296696654822,-0.369563871251722
28875000000,-0.199280165371994,-0.475290127120644,-0.195149550945168,-0.394507040612477
28930000000,-0.118272446806584,-0.389530858907963,-0.190564988836165,-0.339924098025337
28985000000,-0.142384059103137,-0.324914453596277,-0.199030077209917,-0.367951948877305
29040000000,-0.244571310122942,-0.349701256174107,-0.178509787606822,-0.342530108854649
29095000000,-0.198792130324449,-0.380760700043827,-0.186187395570437,-0.340173821317905
29150000000,-0.282929988854641,-0.476119099838727,-0.174368074711477,-0.362363361048235
29205000000,-0.265361219205313,-0.649666722297626,-0.18195624694843,-0.359399064090547
29260000000,-0.178765698849349,-0.424565969300459,-0.215386129074931,-0.357549090656431
29315000000,-0.163874544696391,-0.364053473427617,-0.208529785788705,-0.361418712979045
29370000000,-0.170175631833936,-0.365553660868395,-0.194600328348828,-0.315359626555018
29425000000,-0.255328725516914,-0.311532974448418,-0.230499187547886,-0.378160267427855
29480000000,-0.319083850686824,-0.451756265447104,-0.192054540032327,-0.342809771158942
29535000000,-0.303520270825745,-0.623766710494164,-0.197934176063749,-0.344136934386355
29590000000,-0.289976459457526,-0.460828736259648,-0.21404743391519,-0.36286557853394
29645000000,-0.271901588169395,-0.652699179833918,-0.198261499259026,-0.357144209399352
29700000000,-0.154066680857792,-0.344627702884278,-0.236129261858903,-0.343439455650872
29755000000,-0.203269631204064,-0.326576330561872,-0.212062557800912,-0.343766261187524
29810000000,-0.258481830001933,-0.388562745956385,-0.193993990306238,-0.328639080939224
29865000000,-0.303285409951575,-0.346208952989969,-0.225203862215937,-0.330423715572524
29920000000,-0.368450333334859,-0.47442192665753,-0.201076645131451,-0.341698989536791
29975000000,-0.335025890279473,-0.668615727102204,-0.202826653073618,-0.323766362835526
30030000000,-0.259684359281944,-0.395303041999594,-0.240937657791606,-0.371072735012923
30085000000,-0.212310568857021,-0.420849351715396,-0.225402577213041,-0.339181447038196
30140000000,-0.170644308892264,-0.316849767722802,-0.220374300348431,-0.325024418043446
30195000000,-0.317001247926825,-0.315787924636991,-0.231204594629974,-0.350689022364331
30250000000,-0.291609196804037,-0.345519474614691,-0.219875794076287,-0.315309830297352
30305000000,-0.326489757356128,-0.462515247412066,-0.219148407179925,-0.31687844715806
30360000000,-0.387160046103998,-0.515826310349474,-0.232603889381715,-0.349347383404286
30415000000,-0.302300285448033,-0.542244927486896,-0.257924479258286,-0.348293464098704
30470000000,-0.206946321400496,-0.309055939368486,-0.257490029027832,-0.355043387986802
30525000000,-0.252176788209112,-0.335911658594133,-0.232174828099678,-0.331298866832436
30580000000,-0.215761797850407,-0.268793454386753,-0.25733863333369,-0.32853052515399
30635000000,-0.355847168291881,-0.336218997838724,-0.231018003803715,-0.31726346843725
30690000000,-0.397040136030855,-0.4562227357774,-0.23352516257743,-0.33096895554177
30745000000,-0.26784983605885,-0.391108230477429,-0.257275214595631,-0.313822180183743
30800000000,-0.37930976776737,-0.423399533690245,-0.27492124250663,-0.363587485951889
30855000000,-0.230457080559146,-0.398923433731667,-0.276790037356871,-0.309916528427646
30910000000,-0.268798942789582,-0.234470666533079,-0.290116205466407,-0.362932266731235
30965000000,-0.274173943323248,-0.263765979795905,-0.266740509935168,-0.313629053858472
31020000000,-0.296579300312788,-0.344722604448961,-0.252539421572571,-0.307285336422895
31075000000,-0.359560501069848,-0.336846218473213,-0.248689359273735,-0.32562602978998
31130000000,-0.310037157179192,-0.406103733724455,-0.272570623456122,-0.329063466962844
31185000000,-0.255658517164376,-0.400423699143472,-0.263980566899468,-0.307581099875307
31240000000,-0.305204469641511,-0.267800408589366,-0.313174683416247,-0.370808362581689
31295000000,-0.256292944787074,-0.258572011485975,-0.30903172898608,-0.312330667365324
31350000000,-0.272219482646636,-0.183855089503798,-0.29015303604201,-0.334215194986947
31405000000,-0.315221133379934,-0.3071139728905,-0.263829336731636,-0.285490557698275
31460000000,-0.386431765055937,-0.377250729843907,-0.304429587250407,-0.354541320898431
31515000000,-0.370588443921497,-0.360885366468803,-0.307744794661855,-0.345281955264248
31570000000,-0.287801585262676,-0.386277369889893,-0.306429228926664,-0.348033600481398
31625000000,-0.221618871466941,-0.274484375237326,-0.340204056430313,-0.332051459590381
31680000000,-0.33298845074015,-0.216260018950377,-0.321301032851558,-0.365371397109725
31735000000,-0.187791274886631,-0.167316275466097,-0.320650949731138,-0.282877439252524
31790000000,-0.298996822314901,-0.2644949717582,-0.29104546449933,-0.31771508270323
31845000000,-0.459545042150664,-0.337962605063447,-0.336000775308192,-0.35385949341213
31900000000,-0.257306184865866,-0.280725266178097,-0.379377725149175,-0.326287500871022
31955000000,-0.298162071183209,-0.324197254471366,-0.321571986111876,-0.357015077704632
32010000000,-0.265662319692033,-0.287021318601504,-0.380955246110695,-0.339842934619943
32065000000,-0.218005839101851,-0.182020788896838,-0.377995209808071,-0.311695517057819
32120000000,-0.294331304305337,-0.161818700444894,-0.331776390939579,-0.32711351291084
32175000000,-0.243472919839869,-0.206756358461171,-0.362434809491475,-0.286248925519596
32230000000,-0.366917206225587,-0.243326144132058,-0.350218320790681,-0.336199408429096
32285000000,-0.37618946953383,-0.315225008985237,-0.373872790617959,-0.357971843437064
32340000000,-0.248693708423492,-0.24933110580036,-0.436097736339856,-0.331505082494071
32395000000,-0.27834245972996,-0.241163928606535,-0.396839725472352,-0.37396652708111
32450000000,-0.249538979197513,-0.208833523739529,-0.404909739626133,-0.324952126734128
32505000000,-0.187236598688086,-0.0914570271904469,-0.452401771675595,-0.321824696312154
32560000000,-0.347568487287491,-0.18268714027951,-0.358735761038472,-0.314429325396209
32615000000,-0.233630801474963,-0.177063530980709,-0.390746922785744,-0.285533803195767
32670000000,-0.410720053164503,-0.274628409183433,-0.39944949174716,-0.34008137855392
32725000000,-0.269472711131986,-0.186945514458214,-0.430644550782658,-0.339326525661601
32780000000,-0.178489188827997,-0.204084189662927,-0.435767832190608,-0.279063340430669
32835000000,-0.250688241194331,-0.130612335672844,-0.480668795471945,-0.375287046279694
32890000000,-0.220033666084215,-0.145738746283536,-0.435630021445791,-0.30300359010165
32945000000,-0.167979759414641,-0.0731213369113453,-0.495758875532286,-0.314727081171055
33000000000,-0.336240905708857,-0.223561050016035,-0.393946291840698,-0.29159970633917
