22000000000,0.0099660033373495,-0.0619124863678488,0.584944797160983,-0.506769139026705
22055000000,0.010182569940369,-0.0623062371786584,0.58326685193849,-0.514246750743274
22110000000,0.0104081270115792,-0.0623041420486433,0.581222484261166,-0.521324907355305
22165000000,0.0106395554627335,-0.0619738650443238,0.578953286948816,-0.528100481443874
22220000000,0.0108729561201412,-0.0613798946228229,0.576535806542601,-0.534639865536292
22275000000,0.0111040292137234,-0.0605813353533416,0.574000585850398,-0.540986915572816
22330000000,0.0113278130719654,-0.0596293377654551,0.571349180073656,-0.547170234077109
22385000000,0.0115387212194679,-0.0585663833806116,0.568568888382753,-0.553208075542831
22440000000,0.0117317314522396,-0.0574260576116106,0.565642358302588,-0.559111984129783
22495000000,0.0119025969305641,-0.0562343430233885,0.56255322254378,-0.564887927734145
22550000000,0.0120484530903492,-0.0550110221366921,0.559288621627677,-0.570537020242643
22605000000,0.0121676994644052,-0.054660409767754,0.555840156365684,-0.576055958289286
22660000000,0.0122605938995327,-0.0537325109155642,0.55220291224933,-0.581437348769602
22715000000,0.0123280227181931,-0.0522698766798159,0.548374911983016,-0.586670838700756
22770000000,0.0123713503594996,-0.0503423820829314,0.544359343392279,-0.591746937652407
22825000000,0.0123921663846279,-0.0480417431819812,0.540157638525349,-0.596653680614205
22880000000,0.0123921634681712,-0.0454739151379073,0.541643095048591,-0.612984012472269
22935000000,0.0123724026410078,-0.0427503525928729,0.54010164782019,-0.627463581529622
22990000000,0.0123336558092563,-0.0399791950496497,0.535760768678473,-0.640157974849422
23045000000,0.0122761073725954,-0.0372570355482742,0.528972881204884,-0.651216721366779
23100000000,0.0121990265124463,-0.0346666294454657,0.520176716261435,-0.660851030800289
23155000000,0.0121008782664706,-0.0322747087429534,0.509851196406392,-0.669306041852563
23210000000,0.011979885522154,-0.0301296171857934,0.498469143518385,-0.676833969787878
23265000000,0.0118343135739822,-0.028262990566467,0.486455921775231,-0.683668431747568
23320000000,0.0116629295755292,-0.0266966322242217,0.474158670524984,-0.690004911890239
23375000000,0.0114650298450179,-0.0254418041890018,0.461829903894974,-0.695990601209249
23430000000,0.0112407473752155,-0.0245025541312757,0.449623118645542,-0.701720298596882
23485000000,0.0109904433141911,-0.0238821169634903,0.437603134107162,-0.707240369922061
23540000000,0.010714899650999,-0.0235835589470299,0.425765228977662,-0.712559264989035
23595000000,0.0104150767389507,-0.0236098638654309,0.414057351329935,-0.717658089657031
23650000000,0.0100924936299902,-0.0239633292976136,0.402404831555393,-0.722503459213069
23705000000,0.00974854077665082,-0.024647667671697,0.39073094577322,-0.727057864138593
23760000000,0.00938464189670711,-0.0256645462731452,0.378972319707942,-0.73128723071259
23815000000,0.00900182184457865,-0.0270135196374188,0.367087680151549,-0.735165240705688
23870000000,0.00860017388578367,-0.0286938560700658,0.355060818736484,-0.738673562252306
23925000000,0.00817822576340401,-0.0307051146357498,0.342897747506244,-0.741802038282349
23980000000,0.00773340628773344,-0.0330474359585341,0.330621699223077,-0.744545228939544
24035000000,0.00726238138656446,-0.0357204255492646,0.318266149633624,-0.746900411349612
24090000000,0.00676104427226134,-0.0387258921379897,0.305868599212452,-0.748865183697894
24145000000,0.00622486834246829,-0.042068370649515,0.293466002888131,-0.750435842342047
24200000000,0.00564989681746602,-0.0457489105599919,0.281091572765516,-0.751607855971172
24255000000,0.00503219970591518,-0.0497669596904781,0.268773329657425,-0.752375226296191
24310000000,0.00436853343940363,-0.0541212664638122,0.256535124457995,-0.752732096918033
24365000000,0.00365689862933385,-0.0588043884694331,0.244396398817343,-0.752673493538297
24420000000,0.002896845111087,-0.0638003678154339,0.232371296361204,-0.752193867947543
24475000000,0.00208950174146918,-0.0690877692178713,0.220475588477957,-0.751292658827566
24530000000,0.00123761228887071,-0.0746384758147166,0.208722069005138,-0.749971091586994
24585000000,0.000344891712509317,-0.0804169223877335,0.19712044358844,-0.748233105350664
24640000000,-0.000584229865834745,-0.0863829924647659,0.185677293425748,-0.746084827104534
24695000000,-0.00154554101574244,-0.0924962791695164,0.174397293004005,-0.74353574047954
24750000000,-0.00253508359077592,-0.0987191749803794,0.163283954575785,-0.740598859459508
24805000000,-0.00385979860429696,-0.105015955509854,0.152340353610554,-0.73729217825614
24860000000,-0.0052536076514055,-0.111357243209883,0.141569549588229,-0.733636679193028
24915000000,-0.00669873268367569,-0.117720757126992,0.130975515409424,-0.729655920428659
24970000000,-0.00817740161160714,-0.124089269938492,0.120563439613474,-0.725375327032253
25025000000,-0.00967452091998922,-0.130450388688237,0.110339118863933,-0.720819937146582
25080000000,-0.0111800415298495,-0.136798847733995,0.100310590392478,-0.716013803719309
25135000000,-0.0126889462013999,-0.143134355727999,0.0904866381183537,-0.710979676809839
25190000000,-0.014201869379009,-0.149455638350372,0.0808755859637968,-0.705736848346059
25245000000,-0.0157243765873568,-0.155758726847017,0.071485724404191,-0.700302003972049
25300000000,-0.0172655516701341,-0.162040252494779,0.0623234288283578,-0.694689139778846
25355000000,-0.0188365082289083,-0.168292688282539,0.053393704862067,-0.688909180309274
25410000000,-0.020448317486593,-0.17450349098999,0.044699320672172,-0.682970992907987
25465000000,-0.0221103417463172,-0.180663526054469,0.0362411627245961,-0.676881422897736
25520000000,-0.0238284865915706,-0.186764351337202,0.0280181984975281,-0.670647567197543
25575000000,-0.0256040022989344,-0.192797949366488,0.0200280098951351,-0.664276305229672
25630000000,-0.027433245382971,-0.198762108945866,0.012266816875435,-0.657775932150626
25685000000,-0.0293083771795938,-0.204660067421314,0.00473049399502012,-0.651156528151795
25740000000,-0.0312182476073803,-0.210501019966659,-0.00258512241525553,-0.644430710512569
25795000000,-0.0331503973920503,-0.216305832429206,-0.00968401081185003,-0.637615017946069
25850000000,-0.0350927400756173,-0.222102087873075,-0.0165693857813459,-0.63073015735094
25905000000,-0.037034976404495,-0.227928693852484,-0.0232436884671263,-0.623802049460102
25960000000,-0.0389696219088199,-0.233825147397056,-0.0297092488942814,-0.61686057901715
26015000000,-0.0408927522064238,-0.239828545741342,-0.0359678535366646,-0.60993881278947
26070000000,-0.0428047319983356,-0.245972033554114,-0.0420220636622948,-0.60307119269565
26125000000,-0.0447097705222902,-0.25228122612587,-0.0478744190275321,-0.596290606429466
26180000000,-0.0466154372719544,-0.258764579402798,-0.0535282555773358,-0.589626399063033
26235000000,-0.0485323269902759,-0.265419389390545,-0.0589876524580854,-0.583100737165943
26290000000,-0.0504725195260688,-0.272227777131915,-0.0642570153230852,-0.576727918850749
26345000000,-0.052447993402493,-0.279155681695546,-0.0693418723327902,-0.570513298674835
26400000000,-0.0544703877837025,-0.286153993233104,-0.0742482731385996,-0.564452640466344
26455000000,-0.0565493021954327,-0.293166351295605,-0.0789821719957951,-0.558533682263222
26510000000,-0.0586920754144121,-0.3001323079325,-0.0835496264113991,-0.552738890717193
26565000000,-0.0609041215795008,-0.306997701220268,-0.0879564329656812,-0.54704776666685
26620000000,-0.063187315298853,-0.313717664944396,-0.0922072524157205,-0.541440681486099
26675000000,-0.0655434279505766,-0.320264888078259,-0.0963059777121588,-0.535901688416291
26730000000,-0.0679713068580278,-0.326627336980008,-0.100255958029389,-0.53042036025374
26785000000,-0.070467895937761,-0.332808123282378,-0.104060273789825,-0.524992804501218
26840000000,-0.0730287900139251,-0.338826193120432,-0.107721773210865,-0.51962139866413
26895000000,-0.0756487996053695,-0.344706087437947,-0.111244313124731,-0.514314068429868
26950000000,-0.0783225108108277,-0.350478628175973,-0.114632534690882,-0.509080872491111
27005000000,-0.0810444330447102,-0.356171166930567,-0.117892916635134,-0.503933454090515
27060000000,-0.0838106107586582,-0.361806993443829,-0.121034026298551,-0.498881850558642
27115000000,-0.0866169442654908,-0.367399233486235,-0.124066734804318,-0.493933499572071
27170000000,-0.0894595852124013,-0.372945412433409,-0.127003792018828,-0.489091035908815
27225000000,-0.0923354118021192,-0.378428322663082,-0.129859181542398,-0.484352374179454
27280000000,-0.0952417399530639,-0.383823777550966,-0.132646215406082,-0.479711433907417
27335000000,-0.0981768594293702,-0.389096866305279,-0.135376876687887,-0.475158454999631
27390000000,-0.101140472137495,-0.394214569648832,-0.138059783126413,-0.470681649129662
27445000000,-0.104133627917901,-0.399148817170437,-0.140698996601466,-0.466268420121817
27500000000,-0.107157120978495,-0.40387798780398,-0.14329375858085,-0.461905573865859
27555000000,-0.110212360240526,-0.408386354942019,-0.145838244715749,-0.457580586410456
27610000000,-0.11329952389357,-0.412670275031514,-0.148321855711118,-0.453282362422933
27665000000,-0.116417590832955,-0.416724118864153,-0.150731106008498,-0.44900216540416
27720000000,-0.119564724908628,-0.42054942630922,-0.1530505274458,-0.444734141981529
27775000000,-0.12273735284465,-0.424143625223649,-0.155265505728183,-0.440476017610099
27830000000,-0.125930460222307,-0.427500597983812,-0.157364235465066,-0.436229230451921
27885000000,-0.129137399219661,-0.430606971267311,-0.15933933538727,-0.431999944722824
27940000000,-0.132350154073338,-0.433437668656575,-0.161189894620416,-0.427798127314323
27995000000,-0.135560821144907,-0.435957073648216,-0.162921287491652,-0.423637262339297
28050000000,-0.138761661526846,-0.438126818557911,-0.164545090924541,-0.41953412589305
28105000000,-0.141946352615395,-0.439902904495273,-0.166078602686555,-0.415507278288712
28160000000,-0.145111457851515,-0.44124909086485,-0.167542521773063,-0.411575257492483
28215000000,-0.148255553324458,-0.442142574230842,-0.16895960294087,-0.407755912927447
28270000000,-0.15137969065824,-0.442578459193916,-0.170353311560125,-0.404064634377761
28325000000,-0.154486961476012,-0.44256971795235,-0.171744512866923,-0.400511644926806
28380000000,-0.157581421072806,-0.44215073132088,-0.173151110285875,-0.397102878946941
28435000000,-0.160667929142893,-0.441379063311812,-0.174585831603075,-0.393838121879977
28490000000,-0.163750517973306,-0.440330545733192,-0.176055588941012,-0.390712007211894
28545000000,-0.166832232004066,-0.439095669576417,-0.177561146672574,-0.387713918704854
28600000000,-0.169914097988011,-0.437777642181952,-0.179097972060965,-0.384830891746949
28655000000,-0.172994015374475,-0.436479817048973,-0.180657082544163,-0.382047334626585
28710000000,-0.176067420970368,-0.435294512156574,-0.182226433588112,-0.379348593891685
28765000000,-0.179127775865987,-0.434305861559686,-0.183792354075251,-0.376721259335388
28820000000,-0.182166847949486,-0.433569470084188,-0.185341440726091,-0.374155212423925
28875000000,-0.185177105294169,-0.433120832128344,-0.18686168872698,-0.371644761306762
28930000000,-0.188151585791796,-0.432969019535345,-0.18834462792327,-0.36918919637741
28985000000,-0.191084380588629,-0.433100489189821,-0.18978596386842,-0.366792931529647
29040000000,-0.193971402034142,-0.43348075803973,-0.19118699908889,-0.36446557790006
29095000000,-0.196809863485602,-0.434058920707659,-0.19255469274543,-0.362219872514114
29150000000,-0.199599157632475,-0.434767136365119,-0.193901328260873,-0.36007200944453
29205000000,-0.202340221033472,-0.435541140653054,-0.19524272637423,-0.358037506088486
29260000000,-0.20503540133671,-0.436314768838722,-0.196598080703028,-0.356131277906894
29315000000,-0.207688350222621,-0.437028387869879,-0.197987794497838,-0.354365316887824
29370000000,-0.210303636513618,-0.437634218563747,-0.199431516046338,-0.352746977032919
29425000000,-0.212885617034724,-0.438094307121078,-0.200947653774727,-0.351278480402566
29480000000,-0.215438860611086,-0.438375247989103,-0.202550941421164,-0.349956788783323
29535000000,-0.21796734823259,-0.43844891046624,-0.204251715717376,-0.348771966762676
29590000000,-0.220473532619249,-0.438285159027858,-0.206054624240762,-0.347709012895679
29645000000,-0.22295782899348,-0.437856965520602,-0.207958177740531,-0.346748715086015
29700000000,-0.225416828267841,-0.437131556439348,-0.209956036277667,-0.345868806279007
29755000000,-0.22784159342276,-0.436077042156806,-0.212036478141348,-0.345046286787854
29810000000,-0.230215931552716,-0.434661669975702,-0.214184586083506,-0.344258654462294
29865000000,-0.232515725156074,-0.43285175079155,-0.216384041393623,-0.34348538136263
29920000000,-0.234708916229656,-0.430625400826244,-0.218617417737989,-0.342709243575259
29975000000,-0.236756249962557,-0.427968905968594,-0.220869581333419,-0.341917284315925
30030000000,-0.238613795610862,-0.424884795708411,-0.223128024747713,-0.341101326756087
30085000000,-0.240235879746785,-0.421392243163503,-0.225384362409919,-0.34025937111817
30140000000,-0.241578792235145,-0.417527379127706,-0.227636518772017,-0.339394466114571
30195000000,-0.242604823958148,-0.413340522696695,-0.229888502053048,-0.338516780888769
30250000000,-0.243286498366388,-0.408892629395767,-0.232149471389377,-0.337640008004335
30305000000,-0.243609937352444,-0.404239816961648,-0.234434855884401,-0.336782271088708
30360000000,-0.244967655768861,-0.399440203550145,-0.236762683176061,-0.335963170410135
30415000000,-0.24631146899448,-0.394544615112786,-0.239152438077331,-0.335201701850684
30470000000,-0.247642087484055,-0.389592126621217,-0.241623212987971,-0.334515071106366
30525000000,-0.24895930111947,-0.384615852149775,-0.24419159613812,-0.333916688302672
30580000000,-0.250261702351116,-0.379638627723173,-0.246870058065426,-0.333412841294358
30635000000,-0.251547515238818,-0.374670998347842,-0.249667389711165,-0.333004292155933
30690000000,-0.252814580479444,-0.369720739380156,-0.252586494717676,-0.332683881270766
30745000000,-0.25406068922031,-0.364785225692268,-0.255627118948124,-0.332438880106121
30800000000,-0.255283926100043,-0.359863456466422,-0.258787888037624,-0.332253508728045
30855000000,-0.256482558303555,-0.354954189385976,-0.262063744426073,-0.332109049556642
30910000000,-0.257655235147813,-0.350056727644111,-0.265447260656659,-0.331985677522964
30965000000,-0.258800904950251,-0.345175095080801,-0.268928284963322,-0.33186417060242
31020000000,-0.259919120511711,-0.340311012629769,-0.272494571820969,-0.331727189490195
31075000000,-0.261010561035747,-0.335466966808085,-0.276131321961987,-0.33156084871188
31130000000,-0.262077076460805,-0.330646746604842,-0.279823001923821,-0.331355171390353
31185000000,-0.263121705770243,-0.325851328015473,-0.283555905724091,-0.331106835479862
31240000000,-0.26414877727737,-0.32108234933559,-0.28732231008272,-0.330820102245235
31295000000,-0.265163072930452,-0.316340446959535,-0.291125343917503,-0.330508016748472
31350000000,-0.266169380928425,-0.311624853808898,-0.294983017007961,-0.330194627923686
31405000000,-0.267172130137347,-0.306935532710972,-0.298931333819565,-0.329913061532139
31460000000,-0.268175215046141,-0.302267204357524,-0.303023553660097,-0.32970440651828
31515000000,-0.269181551062273,-0.297612162835345,-0.307324686075925,-0.329612722701026
31570000000,-0.270192241259151,-0.292965899542743,-0.311902510555753,-0.329677858790064
31625000000,-0.271206654446678,-0.288321859276564,-0.316812492426749,-0.32992634812751
31680000000,-0.272222128636153,-0.283678542047193,-0.322081166038594,-0.330361164422217
31735000000,-0.273233144311368,-0.279038261185883,-0.32768863195483,-0.330949854017094
31790000000,-0.274232121574221,-0.274400943785822,-0.333552488806889,-0.331618133943885
31845000000,-0.275210219605563,-0.269768895393811,-0.339518987470467,-0.332243882611351
31900000000,-0.276157718236014,-0.265137099334071,-0.345363198766431,-0.332660449395346
31955000000,-0.27706525264238,-0.260489928089275,-0.350796425085013,-0.332664006604191
32010000000,-0.277924381453992,-0.255801427939239,-0.355488348395243,-0.332029006044673
32065000000,-0.278727362957725,-0.251025014996307,-0.359094422423352,-0.330528091204251
32120000000,-0.279468799596323,-0.246094048631592,-0.361289488332824,-0.327955207316752
32175000000,-0.280144500279833,-0.240921153009401,-0.361802026318099,-0.324146768110781
32230000000,-0.280753367758637,-0.235398847300982,-0.360443639560207,-0.319002922495342
32285000000,-0.281296400734774,-0.229411208901312,-0.362677789979418,-0.318577426311013
32340000000,-0.281776738884048,-0.22284569258804,-0.364908150036909,-0.318082709294523
32395000000,-0.282199498954859,-0.215605567244381,-0.367128178467999,-0.317520382001322
32450000000,-0.282570541056649,-0.207624229258166,-0.369328456460925,-0.316892419372221
32505000000,-0.282895600127994,-0.198874070826358,-0.371501591995302,-0.316204564827298
32560000000,-0.283180183700606,-0.195802883709731,-0.373641122902774,-0.315463889172571
32615000000,-0.283429072067047,-0.192716675220374,-0.375742882347934,-0.314678230881474
32670000000,-0.283646459004298,-0.189601200230505,-0.377806702004433,-0.313856332009333
32725000000,-0.283835010318301,-0.186432592975768,-0.379837036165415,-0.31300632346127
32780000000,-0.283996892859733,-0.183172893416485,-0.381842375920678,-0.312134463026635
32835000000,-0.284132503692383,-0.17976901078158,-0.383832240412549,-0.311243036097213
32890000000,-0.284239834025135,-0.176153392090837,-0.385811098406907,-0.310325797744085
32945000000,-0.284315094539962,-0.172240484466765,-0.387768315815932,-0.30936237997381
33000000000,-0.284354077106693,-0.16793115977222,-0.389664457708013,-0.308310503280284
